1,1,119.69,333.14,138.81,60.670000000000016,1,1,1.0
1,2,207.38,248.8,99.72000000000003,44.89999999999998,1,1,1.0
1,3,731.44,263.34,74.75999999999999,44.900000000000034,1,1,1.0
2,1,97.25,336.46,138.81,60.68000000000001,1,1,1.0
2,2,207.38,248.8,99.72000000000003,44.89999999999998,1,1,1.0
2,3,717.31,265.84,74.7600000000001,44.89000000000004,1,1,1.0
3,1,73.98,339.79,143.82,60.66999999999996,1,1,1.0
3,2,207.38,248.8,99.72000000000003,44.89999999999998,1,1,1.0
3,3,706.5,268.33,74.75999999999999,44.900000000000034,1,1,1.0
4,1,49.04,345.61,143.83,60.66999999999996,1,1,1.0
4,2,207.38,248.8,99.72000000000003,44.89999999999998,1,1,1.0
4,3,691.54,270.83,78.06000000000006,44.89000000000004,1,1,1.0
5,1,17.46,348.9,154.64,64.86000000000001,1,1,1.0
5,2,207.38,248.8,99.72000000000003,44.89999999999998,1,1,1.0
5,3,676.58,272.49,78.05999999999995,44.889999999999986,1,1,1.0
6,1,0.0,349.73,152.15,64.85999999999996,1,1,1.0
6,2,207.38,248.8,99.72000000000003,44.89999999999998,1,1,1.0
6,3,663.28,273.32,78.06000000000006,44.889999999999986,1,1,1.0
7,1,0.0,357.21,128.05,64.86000000000001,1,1,1.0
7,2,207.38,248.8,99.72000000000003,44.89999999999998,1,1,1.0
7,3,651.64,274.98,78.06000000000006,44.89999999999998,1,1,1.0
8,1,0.0,359.71,101.45,64.86000000000001,1,1,1.0
8,2,207.38,248.8,99.72000000000003,44.89999999999998,1,1,1.0
8,3,636.68,278.3,78.06000000000006,44.89999999999998,1,1,1.0
9,1,0.0,361.37,80.67,64.86000000000001,1,1,1.0
9,2,207.38,248.8,99.72000000000003,44.89999999999998,1,1,1.0
9,3,619.2,279.97,82.24000000000001,44.889999999999986,1,1,1.0
10,1,0.0,361.37,51.58,64.86000000000001,1,1,1.0
10,2,207.38,248.8,99.72000000000003,44.89999999999998,1,1,1.0
10,3,605.07,281.63,82.2399999999999,44.889999999999986,1,1,1.0
11,1,0.0,364.69,30.8,64.87,1,1,1.0
11,2,207.38,248.8,99.72000000000003,44.89999999999998,1,1,1.0
11,3,590.94,282.5,83.8599999999999,48.18000000000001,1,1,1.0
12,2,207.38,248.8,99.72000000000003,44.89999999999998,1,1,1.0
12,3,572.65,282.5,84.64999999999998,48.18000000000001,1,1,1.0
13,2,207.38,248.8,99.72000000000003,44.89999999999998,1,1,1.0
13,3,561.85,289.98,84.63999999999999,48.18000000000001,1,1,1.0
14,2,207.38,248.8,99.72000000000003,44.89999999999998,1,1,1.0
14,3,543.56,290.81,84.65000000000009,48.18000000000001,1,1,1.0
15,2,207.38,248.8,99.72000000000003,44.89999999999998,1,1,1.0
15,3,531.1,293.3,84.63999999999999,48.19,1,1,1.0
16,2,207.38,248.8,99.72000000000003,44.89999999999998,1,1,1.0
16,3,511.15,296.63,88.75,48.18000000000001,1,1,1.0
17,2,207.38,248.8,99.72000000000003,44.89999999999998,1,1,1.0
17,3,492.86,298.29,94.53999999999996,48.18000000000001,1,1,1.0
18,2,207.38,248.8,99.72000000000003,44.89999999999998,1,1,1.0
18,3,472.08,298.29,100.32,52.31,1,1,1.0
19,2,207.38,248.8,99.72000000000003,44.89999999999998,1,1,1.0
19,3,454.63,302.45,100.31000000000006,52.31,1,1,1.0
20,2,207.38,248.8,99.72000000000003,44.89999999999998,1,1,1.0
20,3,439.67,306.6,100.31,52.31,1,1,1.0
21,2,207.38,248.8,99.72000000000003,44.89999999999998,1,1,1.0
21,3,423.04,308.27,100.32,52.30000000000001,1,1,1.0
22,2,207.38,248.8,99.72000000000003,44.89999999999998,1,1,1.0
22,3,403.1,311.59,100.31,52.31,1,1,1.0
23,2,207.38,248.8,99.72000000000003,44.89999999999998,1,1,1.0
23,3,389.8,313.25,100.31,52.31,1,1,1.0
24,2,207.38,248.8,99.72000000000003,44.89999999999998,1,1,1.0
24,3,367.36,314.9,106.13999999999999,58.97000000000003,1,1,1.0
25,2,207.38,248.8,99.72000000000003,44.89999999999998,1,1,1.0
25,3,347.41,319.06,111.08999999999997,58.96999999999997,1,1,1.0
26,2,207.38,248.8,99.72000000000003,44.89999999999998,1,1,1.0
26,3,328.29,322.38,111.08999999999997,58.97000000000003,1,1,1.0
27,2,207.38,248.8,99.72000000000003,44.89999999999998,1,1,1.0
27,3,309.17,326.54,111.09999999999997,58.96999999999997,1,1,1.0
28,2,207.38,248.8,99.72000000000003,44.89999999999998,1,1,1.0
28,3,285.9,331.52,117.70000000000005,58.98000000000002,1,1,1.0
29,2,207.38,248.8,99.72000000000003,44.89999999999998,1,1,1.0
29,3,266.78,335.68,117.70000000000005,58.96999999999997,1,1,1.0
30,2,207.38,248.8,99.72000000000003,44.89999999999998,1,1,1.0
30,3,244.34,336.51,123.55999999999997,62.29000000000002,1,1,1.0
31,2,207.38,248.8,99.72000000000003,44.89999999999998,1,1,1.0
31,3,222.73,339.0,123.56000000000003,62.29000000000002,1,1,1.0
32,2,207.38,248.8,99.72000000000003,44.89999999999998,1,1,1.0
32,3,202.78,343.16,126.02000000000001,63.94,1,1,1.0
33,2,207.38,248.8,99.72000000000003,44.89999999999998,1,1,1.0
33,3,172.03,348.98,136.77,63.94,1,1,1.0
34,2,207.38,248.8,99.72000000000003,44.89999999999998,1,1,1.0
34,3,150.42,352.3,136.77,67.30000000000001,1,1,1.0
35,2,207.38,248.8,99.72000000000003,44.89999999999998,1,1,1.0
35,3,125.48,354.8,145.07999999999998,67.28999999999996,1,1,1.0
36,2,207.38,248.8,99.72000000000003,44.89999999999998,1,1,1.0
36,3,98.05,359.0,145.07999999999998,74.73000000000002,1,1,1.0
37,2,207.38,248.8,99.72000000000003,44.89999999999998,1,1,1.0
37,3,73.12,364.82,150.07999999999998,74.73000000000002,1,1,1.0
38,2,207.38,248.8,99.72000000000003,44.89999999999998,1,1,1.0
38,3,44.03,368.14,155.07,74.73000000000002,1,1,1.0
39,2,207.38,248.8,99.72000000000003,44.89999999999998,1,1,1.0
39,3,16.6,370.6,160.1,78.91999999999996,1,1,1.0
40,2,207.38,248.8,99.72000000000003,44.89999999999998,1,1,1.0
40,3,0.0,375.59,153.43,78.92000000000002,1,1,1.0
41,2,207.38,248.8,99.72000000000003,44.89999999999998,1,1,1.0
41,3,0.0,380.57,128.49,78.93,1,1,1.0
42,2,207.38,248.8,99.72000000000003,44.89999999999998,1,1,1.0
42,3,0.0,384.73,102.73,78.91999999999996,1,1,1.0
43,2,207.38,248.8,99.72000000000003,44.89999999999998,1,1,1.0
43,3,0.0,385.56,78.62,78.92000000000002,1,1,1.0
44,2,207.38,248.8,99.72000000000003,44.89999999999998,1,1,1.0
44,3,0.0,389.72,54.52,78.91999999999996,1,1,1.0
45,2,207.38,248.8,99.72000000000003,44.89999999999998,1,1,1.0
45,3,0.0,392.21,27.09,78.92000000000002,1,1,1.0
46,2,207.38,248.8,99.72000000000003,44.89999999999998,1,1,1.0
47,2,207.38,248.8,99.72000000000003,44.89999999999998,1,1,1.0
48,2,207.38,248.8,99.72000000000003,44.89999999999998,1,1,1.0
49,2,207.38,248.8,99.72000000000003,44.89999999999998,1,1,1.0
50,2,207.38,248.8,99.72000000000003,44.89999999999998,1,1,1.0
51,2,207.38,248.8,99.72000000000003,44.89999999999998,1,1,1.0
52,2,207.38,248.8,99.72000000000003,44.89999999999998,1,1,1.0
53,2,207.38,248.8,99.72000000000003,44.89999999999998,1,1,1.0
54,2,207.38,248.8,99.72000000000003,44.89999999999998,1,1,1.0
55,2,207.38,248.8,99.72000000000003,44.89999999999998,1,1,1.0
56,2,207.38,248.8,99.72000000000003,44.89999999999998,1,1,1.0
57,2,207.38,248.8,99.72000000000003,44.89999999999998,1,1,1.0
57,4,921.77,227.58,38.23000000000002,65.66,1,1,1.0
58,2,207.38,248.8,99.72000000000003,44.89999999999998,1,1,1.0
58,4,917.6,227.58,42.39999999999998,65.66,1,1,1.0
59,2,207.38,248.8,99.72000000000003,44.89999999999998,1,1,1.0
59,4,911.0,227.58,49.0,65.66,1,1,1.0
60,2,207.38,248.8,99.72000000000003,44.89999999999998,1,1,1.0
60,4,903.5,227.58,56.5,65.66,1,1,1.0
61,2,207.38,248.8,99.72000000000003,44.89999999999998,1,1,1.0
61,4,901.8,227.58,58.200000000000045,74.81999999999996,1,1,1.0
62,2,207.38,248.8,99.72000000000003,44.89999999999998,1,1,1.0
62,4,896.0,227.58,64.0,74.81999999999996,1,1,1.0
63,2,207.38,248.8,99.72000000000003,44.89999999999998,1,1,1.0
63,4,888.5,227.58,71.5,74.81999999999996,1,1,1.0
64,2,207.38,248.8,99.72000000000003,44.89999999999998,1,1,1.0
64,4,884.3,227.58,75.70000000000005,74.81999999999996,1,1,1.0
65,2,207.38,248.8,99.72000000000003,44.89999999999998,1,1,1.0
65,4,877.7,227.58,82.29999999999995,74.81999999999996,1,1,1.0
66,2,207.38,248.8,99.72000000000003,44.89999999999998,1,1,1.0
66,4,870.2,227.58,89.79999999999995,80.61999999999998,1,1,1.0
67,2,207.38,248.8,99.72000000000003,44.89999999999998,1,1,1.0
67,4,864.4,229.24,95.60000000000002,80.62,1,1,1.0
68,2,207.38,248.8,99.72000000000003,44.89999999999998,1,1,1.0
68,4,858.6,229.24,101.39999999999998,80.62,1,1,1.0
69,2,207.38,248.8,99.72000000000003,44.89999999999998,1,1,1.0
69,4,849.5,229.24,110.5,80.62,1,1,1.0
70,2,207.38,248.8,99.72000000000003,44.89999999999998,1,1,1.0
70,4,842.85,229.24,117.14999999999998,80.62,1,1,1.0
71,2,207.38,248.8,99.72000000000003,44.89999999999998,1,1,1.0
71,4,837.9,229.24,122.10000000000002,80.62,1,1,1.0
72,2,207.38,248.8,99.72000000000003,44.89999999999998,1,1,1.0
72,4,827.1,229.24,132.89999999999998,80.62,1,1,1.0
73,2,207.38,248.8,99.72000000000003,44.89999999999998,1,1,1.0
73,4,821.3,229.24,138.70000000000005,88.95999999999998,1,1,1.0
74,2,207.38,248.8,99.72000000000003,44.89999999999998,1,1,1.0
74,4,813.8,229.24,146.20000000000005,88.95999999999998,1,1,1.0
75,2,207.38,248.8,99.72000000000003,44.89999999999998,1,1,1.0
75,4,806.3,229.24,153.70000000000005,88.95999999999998,1,1,1.0
76,2,207.38,248.8,99.72000000000003,44.89999999999998,1,1,1.0
76,4,796.3,229.24,163.70000000000005,103.06,1,1,1.0
77,2,207.38,248.8,99.72000000000003,44.89999999999998,1,1,1.0
77,4,789.7,229.24,170.29999999999995,103.06,1,1,1.0
78,2,207.38,248.8,99.72000000000003,44.89999999999998,1,1,1.0
78,4,784.7,229.24,175.29999999999995,103.06,1,1,1.0
79,2,207.38,248.8,99.72000000000003,44.89999999999998,1,1,1.0
79,4,770.6,229.24,189.39999999999998,103.06,1,1,1.0
80,2,207.38,248.8,99.72000000000003,44.89999999999998,1,1,1.0
80,4,760.62,230.07,189.39999999999998,103.06,1,1,1.0
81,2,207.38,248.8,99.72000000000003,44.89999999999998,1,1,1.0
81,4,760.6,233.4,186.92999999999995,103.05999999999997,1,1,1.0
82,2,207.38,248.8,99.72000000000003,44.89999999999998,1,1,1.0
82,4,753.1,233.4,194.42999999999995,103.05999999999997,1,1,1.0
83,2,207.38,248.8,99.72000000000003,44.89999999999998,1,1,1.0
83,4,753.1,233.4,181.10000000000002,103.05999999999997,1,1,1.0
84,2,207.38,248.8,99.72000000000003,44.89999999999998,1,1,1.0
84,4,736.48,236.72,190.22000000000003,103.05999999999997,1,1,1.0
85,2,207.38,248.8,99.72000000000003,44.89999999999998,1,1,1.0
85,4,729.0,239.22,191.04999999999995,103.04999999999998,1,1,1.0
86,2,207.38,248.8,99.72000000000003,44.89999999999998,1,1,1.0
86,4,721.51,241.71,191.89,103.05999999999997,1,1,1.0
87,2,207.38,248.8,99.72000000000003,44.89999999999998,1,1,1.0
87,4,711.54,243.37,195.26,103.06,1,1,1.0
88,2,207.38,248.8,99.72000000000003,44.89999999999998,1,1,1.0
88,4,704.9,243.37,192.76,103.06,1,1,1.0
89,2,207.38,248.8,99.72000000000003,44.89999999999998,1,1,1.0
89,4,696.59,245.87,196.11,103.05000000000001,1,1,1.0
90,2,207.38,248.8,99.72000000000003,44.89999999999998,1,1,1.0
90,4,683.29,245.86,204.45000000000005,103.06,1,1,1.0
91,5,638.34,264.15,77.29999999999995,36.57000000000005,1,1,1.0
91,2,207.38,248.8,99.72000000000003,44.89999999999998,1,1,1.0
91,4,670.82,245.03,210.27999999999997,108.07000000000002,1,1,1.0
92,2,207.38,248.8,99.72000000000003,44.89999999999998,1,1,1.0
92,4,661.68,248.36,210.2800000000001,108.06,1,1,1.0
92,5,626.71,264.15,77.28999999999996,36.57000000000005,1,1,1.0
93,2,207.38,248.8,99.72000000000003,44.89999999999998,1,1,1.0
93,4,654.2,250.85,210.27999999999997,108.07000000000002,1,1,1.0
93,5,616.73,264.98,77.29999999999995,36.56999999999999,1,1,1.0
94,2,207.38,248.8,99.72000000000003,44.89999999999998,1,1,1.0
94,4,640.07,247.5,220.2299999999999,119.73000000000002,1,1,1.0
94,5,603.43,264.98,77.30000000000007,36.56999999999999,1,1,1.0
95,2,207.38,248.8,99.72000000000003,44.89999999999998,1,1,1.0
95,4,629.26,249.16,220.24,119.72999999999999,1,1,1.0
95,5,590.97,264.98,77.29999999999995,36.56999999999999,1,1,1.0
96,2,207.38,248.8,99.72000000000003,44.89999999999998,1,1,1.0
96,4,617.6,249.99,226.07999999999993,119.73000000000002,1,1,1.0
96,5,576.84,266.64,77.29999999999995,36.58000000000004,1,1,1.0
97,2,207.38,248.8,99.72000000000003,44.89999999999998,1,1,1.0
97,4,603.5,254.15,231.02999999999997,119.72999999999999,1,1,1.0
97,5,567.69,266.64,77.29999999999995,36.58000000000004,1,1,1.0
98,2,207.38,248.8,99.72000000000003,44.89999999999998,1,1,1.0
98,4,598.51,254.15,231.03999999999996,119.72999999999999,1,1,1.0
98,5,553.56,268.31,88.1400000000001,36.56999999999999,1,1,1.0
99,2,207.38,248.8,99.72000000000003,44.89999999999998,1,1,1.0
99,4,586.88,254.15,231.02999999999997,119.72999999999999,1,1,1.0
99,5,541.1,269.14,88.13,36.56999999999999,1,1,1.0
100,2,207.38,248.8,99.72000000000003,44.89999999999998,1,1,1.0
100,4,571.08,258.3,240.2199999999999,119.72999999999996,1,1,1.0
100,5,527.8,269.97,88.13,36.56999999999999,1,1,1.0
100,6,751.96,246.78,65.66999999999996,42.390000000000015,1,1,1.0
101,2,207.38,248.8,99.72000000000003,44.89999999999998,1,1,1.0
101,4,551.1,258.3,251.89999999999998,119.72999999999996,1,1,1.0
101,5,510.34,271.63,98.95999999999998,36.56999999999999,1,1,1.0
101,6,741.16,247.61,65.66000000000008,42.389999999999986,1,1,1.0
102,2,207.38,248.8,99.72000000000003,44.89999999999998,1,1,1.0
102,4,536.97,261.6,259.42999999999995,122.25,1,1,1.0
102,5,497.04,269.97,98.95999999999998,36.56999999999999,1,1,1.0
102,6,732.02,247.61,65.65999999999997,42.389999999999986,1,1,1.0
103,2,207.38,248.8,99.72000000000003,44.89999999999998,1,1,1.0
103,4,524.5,262.43,259.42999999999995,122.25,1,1,1.0
103,5,484.58,271.63,98.94999999999999,36.56999999999999,1,1,1.0
103,6,719.55,247.61,65.66000000000008,42.389999999999986,1,1,1.0
104,2,207.38,248.8,99.72000000000003,44.89999999999998,1,1,1.0
104,4,511.2,263.26,267.7,122.25,1,1,1.0
104,5,471.28,271.63,98.96000000000004,36.56999999999999,1,1,1.0
104,6,708.74,250.1,65.66999999999996,42.390000000000015,1,1,1.0
105,2,207.38,248.8,99.72000000000003,44.89999999999998,1,1,1.0
105,4,491.26,261.6,276.88,138.03999999999996,1,1,1.0
105,5,455.49,269.97,98.95000000000005,36.56999999999999,1,1,1.0
105,6,690.5,250.1,78.10000000000002,42.390000000000015,1,1,1.0
106,2,207.38,248.8,99.72000000000003,44.89999999999998,1,1,1.0
106,4,479.62,265.75,276.89,138.05,1,1,1.0
106,5,443.85,272.46,98.95999999999992,36.56999999999999,1,1,1.0
106,7,940.06,212.62,19.940000000000055,57.35000000000002,1,1,1.0
106,6,680.53,250.1,78.10000000000002,42.390000000000015,1,1,1.0
107,2,207.38,248.8,99.72000000000003,44.89999999999998,1,1,1.0
107,4,463.0,264.09,287.70000000000005,138.05,1,1,1.0
107,5,431.38,274.96,98.96000000000004,36.56999999999999,1,1,1.0
107,7,936.33,212.62,23.66999999999996,57.35000000000002,1,1,1.0
107,6,668.89,252.6,78.10000000000002,42.390000000000015,1,1,1.0
108,2,207.38,248.8,99.72000000000003,44.89999999999998,1,1,1.0
108,4,443.08,267.42,298.47999999999996,138.03999999999996,1,1,1.0
108,5,413.93,273.29,103.96999999999997,36.56999999999999,1,1,1.0
108,7,932.6,212.62,27.399999999999977,57.35000000000002,1,1,1.0
108,6,653.93,254.26,78.10000000000002,42.389999999999986,1,1,1.0
109,2,207.38,248.8,99.72000000000003,44.89999999999998,1,1,1.0
109,4,433.9,269.91,299.30000000000007,150.48999999999995,1,1,1.0
109,5,401.46,274.96,103.97000000000003,36.56999999999999,1,1,1.0
109,7,928.85,212.62,31.149999999999977,57.35000000000002,1,1,1.0
109,6,642.29,254.26,78.10000000000002,42.389999999999986,1,1,1.0
110,2,207.38,248.8,99.72000000000003,44.89999999999998,1,1,1.0
110,4,420.6,271.58,299.29999999999995,150.48000000000002,1,1,1.0
110,5,384.84,274.96,107.26000000000005,36.56999999999999,1,1,1.0
110,7,925.1,212.62,34.89999999999998,57.35000000000002,1,1,1.0
110,6,618.19,254.26,92.20999999999992,42.389999999999986,1,1,1.0
111,2,207.38,248.8,99.72000000000003,44.89999999999998,1,1,1.0
111,4,407.3,271.6,303.46,147.96999999999997,1,1,1.0
111,5,369.0,274.96,114.0,36.56999999999999,1,1,1.0
111,7,921.35,212.62,38.64999999999998,57.35000000000002,1,1,1.0
111,6,603.23,255.92,93.87,42.390000000000015,1,1,1.0
112,2,207.38,248.8,99.72000000000003,44.89999999999998,1,1,1.0
112,4,384.86,274.92,321.74,153.77999999999997,1,1,1.0
112,5,354.87,278.28,114.0,36.57000000000005,1,1,1.0
112,7,917.6,212.62,42.39999999999998,57.35000000000002,1,1,1.0
112,6,590.76,255.92,98.03999999999996,42.390000000000015,1,1,1.0
113,2,207.38,248.8,99.72000000000003,44.89999999999998,1,1,1.0
113,4,367.4,275.76,321.75,153.76999999999998,1,1,1.0
113,5,342.4,279.94,114.0,36.56999999999999,1,1,1.0
113,7,911.8,212.62,48.200000000000045,57.35000000000002,1,1,1.0
113,6,577.5,255.92,98.0,42.390000000000015,1,1,1.0
114,2,207.38,248.8,99.72000000000003,44.89999999999998,1,1,1.0
114,4,344.13,279.91,336.71000000000004,153.77999999999997,1,1,1.0
114,5,326.61,279.11,114.0,36.56999999999999,1,1,1.0
114,7,907.64,213.87,52.360000000000014,57.35000000000002,1,1,1.0
114,6,565.03,257.58,98.0,42.39000000000004,1,1,1.0
115,2,207.38,248.8,99.72000000000003,44.89999999999998,1,1,1.0
115,4,325.9,282.8,340.51,153.76999999999998,1,1,1.0
115,5,311.65,279.11,114.0,36.56999999999999,1,1,1.0
115,7,903.49,215.11,56.50999999999999,57.349999999999966,1,1,1.0
115,6,553.4,259.25,98.0,42.389999999999986,1,1,1.0
116,2,207.38,248.8,99.72000000000003,44.89999999999998,1,1,1.0
116,4,300.9,281.8,358.80000000000007,168.22999999999996,1,1,1.0
116,5,297.22,279.11,114.0,36.56999999999999,1,1,1.0
116,7,896.8,215.11,63.200000000000045,57.349999999999966,1,1,1.0
116,6,541.76,258.42,98.0,42.389999999999986,1,1,1.0
117,2,207.38,248.8,99.72000000000003,44.89999999999998,1,1,1.0
117,4,285.51,280.84,358.79999999999995,168.23000000000002,1,1,1.0
117,5,279.88,281.03,114.0,38.47000000000003,1,1,1.0
117,7,891.0,215.11,69.0,57.349999999999966,1,1,1.0
117,6,527.63,258.42,98.0,42.389999999999986,1,1,1.0
118,2,207.38,248.8,99.72000000000003,44.89999999999998,1,1,1.0
118,4,260.5,283.72,378.03999999999996,174.97999999999996,1,1,1.0
118,5,267.4,281.03,115.90000000000003,42.27000000000004,1,1,1.0
118,7,884.3,215.11,75.70000000000005,57.349999999999966,1,1,1.0
118,6,510.18,257.58,97.99999999999994,42.39000000000004,1,1,1.0
119,2,207.38,248.8,99.72000000000003,44.89999999999998,1,1,1.0
119,4,244.15,282.76,378.05000000000007,180.74,1,1,1.0
119,5,252.98,282.0,115.9,42.25999999999999,1,1,1.0
119,7,880.5,215.11,79.5,57.349999999999966,1,1,1.0
119,6,491.1,259.25,102.94999999999993,42.389999999999986,1,1,1.0
120,2,207.38,248.8,99.72000000000003,44.89999999999998,1,1,1.0
120,4,220.11,289.49,396.28999999999996,180.74,1,1,1.0
120,5,235.67,282.96,115.89000000000001,42.26000000000005,1,1,1.0
120,7,875.69,216.07,79.5,57.35000000000002,1,1,1.0
120,6,476.97,261.74,112.13,42.389999999999986,1,1,1.0
121,2,207.38,248.8,99.72000000000003,44.89999999999998,1,1,1.0
121,4,200.88,293.34,396.28999999999996,180.74,1,1,1.0
121,5,219.32,282.96,115.90000000000003,42.26000000000005,1,1,1.0
121,7,871.85,216.07,79.5,57.35000000000002,1,1,1.0
121,6,462.01,262.57,112.13,42.389999999999986,1,1,1.0
122,2,207.38,248.8,99.72000000000003,44.89999999999998,1,1,1.0
122,4,173.0,298.15,412.6,180.74,1,1,1.0
122,5,204.89,283.92,115.90000000000003,42.25999999999999,1,1,1.0
122,7,862.2,217.04,84.33999999999992,61.16,1,1,1.0
122,6,444.55,263.4,112.12999999999994,42.39000000000004,1,1,1.0
123,2,207.38,248.8,99.72000000000003,44.89999999999998,1,1,1.0
123,4,151.84,295.26,420.26,198.04000000000002,1,1,1.0
123,5,185.66,284.88,115.9,42.26999999999998,1,1,1.0
123,7,860.28,217.04,84.33000000000004,61.16,1,1,1.0
123,6,428.76,265.9,112.13,42.39000000000004,1,1,1.0
124,2,207.38,248.8,99.72000000000003,44.89999999999998,1,1,1.0
124,4,120.11,300.07,442.39,198.04000000000002,1,1,1.0
124,5,168.35,287.77,122.65,42.25999999999999,1,1,1.0
124,7,853.54,217.04,84.34000000000003,61.16,1,1,1.0
124,6,419.62,265.07,112.13,42.389999999999986,1,1,1.0
125,2,207.38,248.8,99.72000000000003,44.89999999999998,1,1,1.0
125,4,95.1,303.92,450.1,198.03999999999996,1,1,1.0
125,5,152.0,289.69,122.64999999999998,42.26999999999998,1,1,1.0
125,7,848.74,218.96,84.33000000000004,61.16,1,1,1.0
125,6,405.49,265.07,112.13,42.389999999999986,1,1,1.0
126,2,207.38,248.8,99.72000000000003,44.89999999999998,1,1,1.0
126,4,65.1,305.8,463.4599999999999,203.3,1,1,1.0
126,5,131.52,292.07,124.58000000000001,42.26999999999998,1,1,1.0
126,7,837.93,218.96,87.67000000000007,61.16,1,1,1.0
126,6,389.7,265.9,112.13,51.5,1,1,1.0
127,2,207.38,248.8,99.72000000000003,44.89999999999998,1,1,1.0
127,4,41.8,302.47,476.79,222.42999999999995,1,1,1.0
127,5,114.9,294.56,124.57999999999998,42.26999999999998,1,1,1.0
127,7,834.61,219.38,87.66999999999996,61.160000000000025,1,1,1.0
127,6,379.72,265.9,112.13,51.5,1,1,1.0
128,2,207.38,248.8,99.72000000000003,44.89999999999998,1,1,1.0
128,4,25.18,307.46,476.78,222.43,1,1,1.0
128,5,99.94,295.39,124.58000000000001,42.27000000000004,1,1,1.0
128,7,831.28,219.79,87.67000000000007,61.16,1,1,1.0
128,6,359.77,267.56,119.63,51.5,1,1,1.0
129,2,207.38,248.8,99.72000000000003,44.89999999999998,1,1,1.0
129,4,1.1,309.96,486.72999999999996,230.04000000000002,1,1,1.0
129,5,82.48,299.55,124.58,42.26999999999998,1,1,1.0
129,7,822.14,220.62,87.66999999999996,61.170000000000016,1,1,1.0
129,6,343.15,269.22,119.63,51.5,1,1,1.0
130,2,207.38,248.8,99.72000000000003,44.89999999999998,1,1,1.0
130,4,1.1,312.88,471.77,227.12,1,1,1.0
130,5,57.55,297.06,130.35000000000002,48.94,1,1,1.0
130,7,814.66,219.79,93.44000000000005,67.81000000000003,1,1,1.0
130,6,331.51,269.22,119.63,51.5,1,1,1.0
131,2,207.38,248.8,99.72000000000003,44.89999999999998,1,1,1.0
131,4,1.1,315.8,456.79999999999995,224.2,1,1,1.0
131,5,41.75,297.06,130.36,48.94,1,1,1.0
131,7,809.67,219.79,93.44000000000005,67.81000000000003,1,1,1.0
131,6,313.23,269.22,119.63,51.5,1,1,1.0
132,2,207.38,248.8,99.72000000000003,44.89999999999998,1,1,1.0
132,4,0.0,316.63,441.28,223.37,1,1,1.0
132,5,21.8,298.72,135.35,48.94,1,1,1.0
132,7,803.85,218.13,93.43999999999994,67.81,1,1,1.0
132,6,302.42,270.88,119.63,51.50999999999999,1,1,1.0
133,2,207.38,248.8,99.72000000000003,44.89999999999998,1,1,1.0
133,4,0.0,322.45,424.65,217.55,1,1,1.0
133,5,4.35,301.21,135.34,48.950000000000045,1,1,1.0
133,7,797.2,219.79,93.43999999999994,67.81000000000003,1,1,1.0
133,6,283.31,272.5,123.79000000000002,56.54000000000002,1,1,1.0
134,2,207.38,248.8,99.72000000000003,44.89999999999998,1,1,1.0
134,4,0.0,324.11,405.54,215.89,1,1,1.0
134,5,0.0,302.04,118.91,48.94999999999999,1,1,1.0
134,7,789.72,219.79,93.43999999999994,67.81000000000003,1,1,1.0
134,6,266.68,274.16,123.80000000000001,56.539999999999964,1,1,1.0
135,2,207.38,248.8,99.72000000000003,44.89999999999998,1,1,1.0
135,4,0.0,328.27,388.08,211.73000000000002,1,1,1.0
135,5,0.0,303.71,100.63,48.94,1,1,1.0
135,7,783.91,221.45,93.44000000000005,67.81,1,1,1.0
135,8,684.89,518.49,114.70000000000005,21.50999999999999,1,1,1.0
135,6,252.55,274.99,123.80000000000001,56.539999999999964,1,1,1.0
136,2,207.38,248.8,99.72000000000003,44.89999999999998,1,1,1.0
136,4,0.0,329.1,369.8,210.89999999999998,1,1,1.0
136,5,0.0,303.71,83.2,48.94,1,1,1.0
136,7,778.92,220.62,93.44000000000005,67.81,1,1,1.0
136,8,684.89,515.2,132.11,24.799999999999955,1,1,1.0
136,6,237.59,274.99,123.79999999999998,56.539999999999964,1,1,1.0
137,2,207.38,248.8,99.72000000000003,44.89999999999998,1,1,1.0
137,4,0.0,331.59,353.17,208.41000000000003,1,1,1.0
137,5,0.0,305.37,72.4,48.94,1,1,1.0
137,7,768.1,220.62,97.61000000000001,67.81,1,1,1.0
137,8,684.89,509.4,148.71000000000004,30.600000000000023,1,1,1.0
137,6,221.8,277.49,127.09999999999997,56.52999999999997,1,1,1.0
138,2,207.38,248.8,99.72000000000003,44.89999999999998,1,1,1.0
138,4,0.0,337.41,330.73,202.58999999999997,1,1,1.0
138,5,0.0,307.03,51.62,48.950000000000045,1,1,1.0
138,7,757.3,222.28,102.59000000000003,67.80999999999997,1,1,1.0
138,8,684.89,504.4,167.81000000000006,35.60000000000002,1,1,1.0
138,6,205.18,276.66,127.09999999999997,56.52999999999997,1,1,1.0
139,2,207.38,248.8,99.72000000000003,44.89999999999998,1,1,1.0
139,4,0.0,342.4,314.94,197.60000000000002,1,1,1.0
139,5,0.0,310.36,31.67,48.94,1,1,1.0
139,7,751.48,222.7,102.59000000000003,67.81,1,1,1.0
139,8,704.0,495.3,148.70000000000005,44.69999999999999,1,1,1.0
139,6,188.55,280.81,127.09999999999997,56.54000000000002,1,1,1.0
140,2,207.38,248.8,99.72000000000003,44.89999999999998,1,1,1.0
140,4,0.0,342.4,292.5,197.60000000000002,1,1,1.0
140,7,745.66,223.12,102.60000000000002,67.80000000000001,1,1,1.0
140,8,704.0,487.8,162.79999999999995,52.19999999999999,1,1,1.0
140,6,171.1,280.81,127.1,56.54000000000002,1,1,1.0
141,2,207.38,248.8,99.72000000000003,44.89999999999998,1,1,1.0
141,4,0.0,342.4,270.9,197.60000000000002,1,1,1.0
141,7,735.69,223.95,102.58999999999992,67.81,1,1,1.0
141,8,713.14,487.8,162.80000000000007,52.19999999999999,1,1,1.0
141,6,154.47,277.49,132.13000000000002,56.52999999999997,1,1,1.0
142,2,207.38,248.8,99.72000000000003,44.89999999999998,1,1,1.0
142,4,0.0,352.37,247.63,187.63,1,1,1.0
142,7,731.53,224.78,102.60000000000002,67.80999999999997,1,1,1.0
142,8,734.8,480.32,151.12,59.68000000000001,1,1,1.0
142,6,136.19,283.3,132.12,56.539999999999964,1,1,1.0
143,2,207.38,248.8,99.72000000000003,44.89999999999998,1,1,1.0
143,4,0.0,357.36,228.51,182.64,1,1,1.0
143,7,725.72,225.61,102.58999999999992,67.81,1,1,1.0
143,8,741.4,471.2,144.51999999999998,68.80000000000001,1,1,1.0
143,6,117.07,284.14,132.13,56.53000000000003,1,1,1.0
144,2,207.38,248.8,99.72000000000003,44.89999999999998,1,1,1.0
144,4,0.0,359.85,205.24,180.14999999999998,1,1,1.0
144,7,717.4,226.44,102.60000000000002,67.81,1,1,1.0
144,8,758.9,471.2,139.5,68.80000000000001,1,1,1.0
144,6,102.94,284.14,132.13,56.53000000000003,1,1,1.0
145,2,207.38,248.8,99.72000000000003,44.89999999999998,1,1,1.0
145,4,0.0,364.84,183.63,175.16000000000003,1,1,1.0
145,7,709.09,225.61,102.60000000000002,71.08999999999997,1,1,1.0
145,8,767.2,462.1,139.5,77.89999999999998,1,1,1.0
145,6,86.32,284.14,132.12,56.53000000000003,1,1,1.0
146,2,207.38,248.8,99.72000000000003,44.89999999999998,1,1,1.0
146,4,0.0,364.84,157.0,175.16000000000003,1,1,1.0
146,7,698.3,224.78,107.57000000000005,71.09,1,1,1.0
146,8,778.8,462.1,127.90000000000009,77.89999999999998,1,1,1.0
146,6,65.54,286.63,142.06,56.54000000000002,1,1,1.0
147,2,207.38,248.8,99.72000000000003,44.89999999999998,1,1,1.0
147,4,0.0,370.61,130.07,169.39,1,1,1.0
147,7,690.61,224.78,107.55999999999995,71.09,1,1,1.0
147,8,791.3,452.46,127.90000000000009,87.54000000000002,1,1,1.0
147,6,45.59,287.46,142.06,56.54000000000002,1,1,1.0
148,2,207.38,248.8,99.72000000000003,44.89999999999998,1,1,1.0
148,4,0.0,378.3,107.96,161.7,1,1,1.0
148,7,681.95,225.74,107.56999999999994,71.08999999999997,1,1,1.0
148,8,802.84,448.62,127.89999999999998,87.52999999999997,1,1,1.0
148,6,28.14,287.46,142.06,62.34000000000003,1,1,1.0
149,2,207.38,248.8,99.72000000000003,44.89999999999998,1,1,1.0
149,4,0.0,383.11,81.03,156.89,1,1,1.0
149,7,672.3,225.74,111.45000000000005,71.08999999999997,1,1,1.0
149,8,807.65,444.77,127.89999999999998,87.53999999999996,1,1,1.0
149,6,9.0,291.62,145.4,62.339999999999975,1,1,1.0
150,2,207.38,248.8,99.72000000000003,44.89999999999998,1,1,1.0
150,4,0.0,390.8,54.1,149.2,1,1,1.0
150,7,663.64,226.7,111.45000000000005,71.09000000000003,1,1,1.0
150,8,817.27,439.96,127.89999999999998,87.54000000000002,1,1,1.0
150,6,0.0,291.62,139.44,62.339999999999975,1,1,1.0
151,2,207.38,248.8,99.72000000000003,44.89999999999998,1,1,1.0
151,4,0.0,400.42,22.37,139.57999999999998,1,1,1.0
151,7,654.03,226.7,111.45000000000005,71.09000000000003,1,1,1.0
151,8,821.11,438.04,127.89999999999998,87.54000000000002,1,1,1.0
151,6,0.0,291.62,120.33,62.339999999999975,1,1,1.0
152,2,207.38,248.8,99.72000000000003,44.89999999999998,1,1,1.0
152,7,640.6,226.7,119.11000000000001,75.90000000000003,1,1,1.0
152,8,829.77,434.19,127.89999999999998,87.54000000000002,1,1,1.0
152,6,0.0,294.11,102.04,62.339999999999975,1,1,1.0
153,2,207.38,248.8,99.72000000000003,44.89999999999998,1,1,1.0
153,7,634.83,228.62,119.11000000000001,75.89999999999998,1,1,1.0
153,8,842.27,427.46,117.73000000000002,87.54000000000002,1,1,1.0
153,6,0.0,295.77,84.59,62.34000000000003,1,1,1.0
154,2,207.38,248.8,99.72000000000003,44.89999999999998,1,1,1.0
154,7,625.21,226.7,119.11000000000001,75.90000000000003,1,1,1.0
154,8,852.85,418.8,107.14999999999998,87.53999999999996,1,1,1.0
154,6,0.0,296.6,67.13,62.339999999999975,1,1,1.0
155,2,207.38,248.8,99.72000000000003,44.89999999999998,1,1,1.0
155,7,616.56,228.62,119.10000000000002,75.89999999999998,1,1,1.0
155,8,859.58,416.88,100.41999999999996,87.54000000000002,1,1,1.0
155,6,0.0,299.1,48.85,62.339999999999975,1,1,1.0
156,2,207.38,248.8,99.72000000000003,44.89999999999998,1,1,1.0
156,7,607.9,228.62,119.11000000000001,75.89999999999998,1,1,1.0
156,8,863.43,408.22,96.57000000000005,87.53999999999996,1,1,1.0
156,6,0.0,299.1,31.39,62.339999999999975,1,1,1.0
157,2,207.38,248.8,99.72000000000003,44.89999999999998,1,1,1.0
157,7,599.25,228.62,119.10000000000002,75.89999999999998,1,1,1.0
157,8,874.01,409.19,85.99000000000001,87.53000000000003,1,1,1.0
158,2,207.38,248.8,99.72000000000003,44.89999999999998,1,1,1.0
158,7,592.52,228.62,119.10000000000002,75.89999999999998,1,1,1.0
158,8,881.7,405.34,78.29999999999995,87.54000000000002,1,1,1.0
159,2,207.38,248.8,99.72000000000003,44.89999999999998,1,1,1.0
159,7,582.9,228.62,119.11000000000001,75.89999999999998,1,1,1.0
159,8,886.51,405.34,73.49000000000001,87.54000000000002,1,1,1.0
160,2,207.38,248.8,99.72000000000003,44.89999999999998,1,1,1.0
160,7,568.5,228.62,124.85000000000002,75.89999999999998,1,1,1.0
160,8,892.28,397.65,67.72000000000003,87.53000000000003,1,1,1.0
161,2,207.38,248.8,99.72000000000003,44.89999999999998,1,1,1.0
161,7,557.92,230.55,124.85000000000002,75.89999999999998,1,1,1.0
161,8,898.53,392.84,61.47000000000003,87.54000000000002,1,1,1.0
162,2,207.38,248.8,99.72000000000003,44.89999999999998,1,1,1.0
162,7,547.34,229.59,124.85000000000002,75.9,1,1,1.0
162,8,904.78,388.03,55.22000000000003,87.54000000000002,1,1,1.0
163,2,207.38,248.8,99.72000000000003,44.89999999999998,1,1,1.0
163,7,538.69,228.63,124.84999999999991,75.88999999999999,1,1,1.0
163,8,909.59,386.11,50.40999999999997,87.52999999999997,1,1,1.0
164,2,207.38,248.8,99.72000000000003,44.89999999999998,1,1,1.0
164,7,529.07,230.55,124.84999999999991,75.89999999999998,1,1,1.0
164,8,913.44,382.26,46.559999999999945,87.54000000000002,1,1,1.0
165,2,207.38,248.8,99.72000000000003,44.89999999999998,1,1,1.0
165,7,518.49,229.59,124.85000000000002,75.9,1,1,1.0
165,8,920.17,381.3,39.83000000000004,87.52999999999997,1,1,1.0
166,2,207.38,248.8,99.72000000000003,44.89999999999998,1,1,1.0
166,7,506.95,230.55,124.84999999999997,75.89999999999998,1,1,1.0
166,8,925.94,373.6,34.059999999999945,87.53999999999996,1,1,1.0
167,2,207.38,248.8,99.72000000000003,44.89999999999998,1,1,1.0
167,7,493.81,233.11,131.58999999999997,75.89999999999998,1,1,1.0
167,8,929.79,371.68,30.210000000000036,87.54000000000002,1,1,1.0
168,2,207.38,248.8,99.72000000000003,44.89999999999998,1,1,1.0
168,7,478.36,235.1,130.24,75.9,1,1,1.0
168,8,936.52,366.87,23.480000000000018,87.54000000000002,1,1,1.0
169,2,207.38,248.8,99.72000000000003,44.89999999999998,1,1,1.0
169,7,471.08,235.41,128.90000000000003,75.89000000000001,1,1,1.0
169,8,943.25,365.91,16.75,87.53999999999996,1,1,1.0
170,2,207.38,248.8,99.72000000000003,44.89999999999998,1,1,1.0
170,7,456.75,236.03,135.25,82.66999999999999,1,1,1.0
170,8,950.94,361.1,9.059999999999945,87.53999999999996,1,1,1.0
171,2,207.38,248.8,99.72000000000003,44.89999999999998,1,1,1.0
171,7,447.2,232.33,135.84999999999997,79.28,1,1,1.0
172,2,207.38,248.8,99.72000000000003,44.89999999999998,1,1,1.0
172,7,431.6,237.77,135.67999999999995,75.9,1,1,1.0
173,2,207.38,248.8,99.72000000000003,44.89999999999998,1,1,1.0
173,7,421.0,239.69,140.51,75.89999999999998,1,1,1.0
174,2,207.38,248.8,99.72000000000003,44.89999999999998,1,1,1.0
174,7,409.46,239.69,140.51000000000005,75.89999999999998,1,1,1.0
175,2,207.38,248.8,99.72000000000003,44.89999999999998,1,1,1.0
175,7,398.88,238.73,140.51,75.9,1,1,1.0
176,2,207.38,248.8,99.72000000000003,44.89999999999998,1,1,1.0
176,7,384.46,241.62,140.50000000000006,75.89999999999998,1,1,1.0
177,2,207.38,248.8,99.72000000000003,44.89999999999998,1,1,1.0
177,7,373.88,241.62,140.51,75.89999999999998,1,1,1.0
178,2,207.38,248.8,99.72000000000003,44.89999999999998,1,1,1.0
178,7,363.3,237.77,140.51,75.9,1,1,1.0
179,2,207.38,248.8,99.72000000000003,44.89999999999998,1,1,1.0
179,7,354.64,239.69,140.51,75.89999999999998,1,1,1.0
180,2,207.38,248.8,99.72000000000003,44.89999999999998,1,1,1.0
180,7,343.1,239.69,140.51,79.69999999999999,1,1,1.0
181,2,207.38,248.8,99.72000000000003,44.89999999999998,1,1,1.0
181,7,332.53,240.65,140.5,79.70000000000002,1,1,1.0
182,2,207.38,248.8,99.72000000000003,44.89999999999998,1,1,1.0
182,7,318.1,240.65,143.39,79.70000000000002,1,1,1.0
183,2,207.38,248.8,99.72000000000003,44.89999999999998,1,1,1.0
183,7,309.44,240.65,143.39999999999998,79.70000000000002,1,1,1.0
184,2,207.38,248.8,99.72000000000003,44.89999999999998,1,1,1.0
184,7,296.0,240.65,145.3,79.70000000000002,1,1,1.0
185,2,207.38,248.8,99.72000000000003,44.89999999999998,1,1,1.0
185,7,287.34,240.65,145.3,79.70000000000002,1,1,1.0
186,2,207.38,248.8,99.72000000000003,44.89999999999998,1,1,1.0
186,7,274.84,239.69,145.3,79.69999999999999,1,1,1.0
187,2,207.38,248.8,99.72000000000003,44.89999999999998,1,1,1.0
187,7,264.26,242.58,145.3,90.31999999999996,1,1,1.0
188,2,207.38,248.8,99.72000000000003,44.89999999999998,1,1,1.0
188,7,251.76,241.61,145.3,90.32999999999998,1,1,1.0
189,2,207.38,248.8,99.72000000000003,44.89999999999998,1,1,1.0
189,7,243.11,242.58,145.3,90.31999999999996,1,1,1.0
190,2,207.38,248.8,99.72000000000003,44.89999999999998,1,1,1.0
190,7,233.49,242.58,145.3,90.31999999999996,1,1,1.0
